Mesh number
Cordinates
1 0 0 0
2 1 0 0
3 1 0.1333333333333333 0
4 0 0.1333333333333333 0
5 0.03333333333325331 0 0
6 0.06666666666650663 0 0
7 0.09999999999975995 0 0
8 0.1333333333330133 0 0
9 0.1666666666662666 0 0
10 0.1999999999995199 0 0
11 0.2333333333327732 0 0
12 0.2666666666660413 0 0
13 0.2999999999993242 0 0
14 0.3333333333326071 0 0
15 0.36666666666589 0 0
16 0.399999999999173 0 0
17 0.4333333333324559 0 0
18 0.4666666666657387 0 0
19 0.4999999999990217 0 0
20 0.5333333333323971 0 0
21 0.5666666666657725 0 0
22 0.599999999999148 0 0
23 0.6333333333325234 0 0
24 0.6666666666658988 0 0
25 0.6999999999992742 0 0
26 0.7333333333326497 0 0
27 0.7666666666660482 0 0
28 0.79999999999947 0 0
29 0.8333333333328917 0 0
30 0.8666666666663134 0 0
31 0.899999999999735 0 0
32 0.9333333333331567 0 0
33 0.9666666666665784 0 0
34 1 0.03333333333330247 0
35 1 0.06666666666661718 0
36 1 0.09999999999993189 0
37 0.966666666666713 0.1333333333333333 0
38 0.9333333333334258 0.1333333333333333 0
39 0.9000000000001388 0.1333333333333333 0
40 0.8666666666668517 0.1333333333333333 0
41 0.8333333333335646 0.1333333333333333 0
42 0.8000000000002776 0.1333333333333333 0
43 0.7666666666669905 0.1333333333333333 0
44 0.7333333333337497 0.1333333333333333 0
45 0.7000000000005551 0.1333333333333333 0
46 0.6666666666673606 0.1333333333333333 0
47 0.633333333334166 0.1333333333333333 0
48 0.6000000000009714 0.1333333333333333 0
49 0.5666666666677769 0.1333333333333333 0
50 0.5333333333345823 0.1333333333333333 0
51 0.5000000000013878 0.1333333333333333 0
52 0.4666666666680082 0.1333333333333333 0
53 0.4333333333346286 0.1333333333333333 0
54 0.400000000001249 0.1333333333333333 0
55 0.3666666666678694 0.1333333333333333 0
56 0.3333333333344899 0.1333333333333333 0
57 0.3000000000011103 0.1333333333333333 0
58 0.2666666666677306 0.1333333333333333 0
59 0.2333333333343048 0.1333333333333333 0
60 0.2000000000008326 0.1333333333333333 0
61 0.1666666666673605 0.1333333333333333 0
62 0.1333333333338884 0.1333333333333333 0
63 0.1000000000004163 0.1333333333333333 0
64 0.06666666666694421 0.1333333333333333 0
65 0.0333333333334721 0.1333333333333333 0
66 0 0.09999999999995662 0
67 0 0.06666666666666667 0
68 0 0.03333333333337671 0
69 0.9666666666666793 0.09999999999993268 0
70 0.9666666666666457 0.06666666666661884 0
71 0.9666666666666121 0.03333333333330494 0
72 0.9333333333333588 0.09999999999993353 0
73 0.9333333333332913 0.06666666666662048 0
74 0.9333333333332238 0.03333333333330743 0
75 0.9000000000000379 0.09999999999993435 0
76 0.8999999999999369 0.06666666666662212 0
77 0.8999999999998362 0.03333333333330989 0
78 0.8666666666667169 0.09999999999993521 0
79 0.8666666666665825 0.06666666666662377 0
80 0.866666666666448 0.03333333333331234 0
81 0.8333333333333963 0.099999999999936 0
82 0.8333333333332282 0.06666666666662541 0
83 0.8333333333330599 0.03333333333331483 0
84 0.8000000000000758 0.09999999999993689 0
85 0.7999999999998738 0.06666666666662709 0
86 0.7999999999996719 0.0333333333333173 0
87 0.7666666666667552 0.09999999999993765 0
88 0.7666666666665194 0.06666666666662871 0
89 0.7666666666662838 0.0333333333333198 0
90 0.7333333333334749 0.0999999999999385 0
91 0.7333333333331997 0.06666666666663038 0
92 0.7333333333329247 0.03333333333332226 0
93 0.7000000000002349 0.0999999999999393 0
94 0.6999999999999147 0.06666666666663203 0
95 0.6999999999995944 0.03333333333332475 0
96 0.6666666666669951 0.09999999999994014 0
97 0.6666666666666297 0.06666666666663368 0
98 0.6666666666662642 0.03333333333332721 0
99 0.6333333333337551 0.09999999999994097 0
100 0.6333333333333446 0.06666666666663534 0
101 0.6333333333329341 0.03333333333332969 0
102 0.6000000000005153 0.0999999999999418 0
103 0.6000000000000597 0.06666666666663697 0
104 0.5999999999996039 0.03333333333333215 0
105 0.5666666666672757 0.09999999999994261 0
106 0.5666666666667747 0.06666666666663865 0
107 0.5666666666662736 0.03333333333333464 0
108 0.533333333334036 0.09999999999994344 0
109 0.5333333333334896 0.06666666666664026 0
110 0.5333333333329434 0.03333333333333708 0
111 0.5000000000007963 0.09999999999994427 0
112 0.5000000000002047 0.06666666666664192 0
113 0.4999999999996132 0.03333333333333958 0
114 0.4666666666674408 0.09999999999994508 0
115 0.4666666666668735 0.06666666666664357 0
116 0.4666666666663062 0.03333333333334207 0
117 0.4333333333340856 0.09999999999994591 0
118 0.4333333333335422 0.06666666666664522 0
119 0.4333333333329991 0.03333333333334453 0
120 0.4000000000007301 0.09999999999994674 0
121 0.400000000000211 0.06666666666664689 0
122 0.399999999999692 0.03333333333334701 0
123 0.3666666666673745 0.09999999999994758 0
124 0.3666666666668797 0.06666666666664851 0
125 0.3666666666663848 0.03333333333334947 0
126 0.3333333333340192 0.09999999999994839 0
127 0.3333333333335484 0.06666666666665018 0
128 0.3333333333330779 0.03333333333335194 0
129 0.3000000000006637 0.09999999999994921 0
130 0.3000000000002172 0.0666666666666518 0
131 0.2999999999997709 0.03333333333335445 0
132 0.2666666666673085 0.09999999999995005 0
133 0.266666666666886 0.06666666666665347 0
134 0.2666666666664637 0.03333333333335693 0
135 0.2333333333339218 0.09999999999995085 0
136 0.2333333333335388 0.06666666666665512 0
137 0.233333333333156 0.0333333333333594 0
138 0.2000000000005045 0.0999999999999517 0
139 0.2000000000001763 0.06666666666665677 0
140 0.1999999999998481 0.03333333333336184 0
141 0.166666666667087 0.09999999999995252 0
142 0.1666666666668136 0.06666666666665844 0
143 0.1666666666665401 0.03333333333336433 0
144 0.1333333333336695 0.09999999999995336 0
145 0.1333333333334508 0.06666666666666006 0
146 0.1333333333332321 0.03333333333336681 0
147 0.1000000000002522 0.09999999999995415 0
148 0.1000000000000881 0.06666666666666173 0
149 0.09999999999992404 0.03333333333336929 0
150 0.06666666666683474 0.09999999999995499 0
151 0.06666666666672527 0.06666666666666335 0
152 0.06666666666661603 0.03333333333337177 0
153 0.03333333333341737 0.09999999999995582 0
154 0.03333333333336264 0.06666666666666501 0
155 0.0333333333333079 0.03333333333337423 0

